Mean: 5004.56
Min: 0.00808798
Max: 9999.99
StdDev: 2885.74

Stats: 27.1375 ms
Histogram: 20.751 ms
Sort: 419.43 ms
Correlation: 70.061 ms
MovingAvg: 66.7493 ms
Outliers: 9.77222 ms
