Mean: 5004.56
Min: 0.00808798
Max: 9999.99
StdDev: 2885.74

Stats: 27.6167 ms
Histogram: 20.2781 ms
Sort: 411.695 ms
Correlation: 67.7869 ms
MovingAvg: 65.7529 ms
Outliers: 9.34644 ms
